p1 = [0.5 -0.5 0.5 -0.5]';
t1 = [1 -1]';
p2 = [0.5 0.5 -0.5 -0.5]';
t2 = [1 1]';
T = [t1 t2]

% T =
%      1     1
%     -1     1

format compact
P = [p1'; p2']

% P =
%     0.5000   -0.5000    0.5000   -0.5000
%     0.5000    0.5000   -0.5000   -0.5000

P = P'

% P =
%     0.5000    0.5000
%    -0.5000    0.5000
%     0.5000   -0.5000
%    -0.5000   -0.5000

W = T * P'

% W =
%      1     0     0    -1
%      0     1    -1     0

W * p1;
W * p2

% ans =
%      1
%      1

W * p1

% ans =
%      1
%     -1

W * [-0.5 -0.5 0.5 -0.5]'

% ans =
%      0
%     -1
